25.6323 15.4801 -1.51372 1.882 3.65317 1.46926 3.17802 0 0.906209 
1.57655 -22.0859 -1.00501 1.52257 3.86673 1.48979 1.49421 0 0.883497 
19.7092 0.234715 -0.79426 1.63195 3.4099 1.54 6.26309 0 0.818767 
1.7158 -15.0763 -1.03932 1.64134 3.92947 1.44602 1.53984 0 0.743892 
52.3567 23.1016 -0.202637 1.58346 3.87266 1.49464 1.53793 0 0.591877 
13.3329 15.648 -1.33301 1.63116 3.89684 1.37914 6.28526 0 0.578166 
49.5926 -3.93893 -1.02277 1.44129 3.72313 1.40931 3.49114 0 0.490215 
29.8265 39.3886 -1.67515 1.66019 3.39976 1.56451 4.88663 0 0.489204 
24.3337 19.1447 -1.63554 1.84336 3.78624 1.36554 3.12473 0 0.445959 
0.463278 -28.7818 -1.07513 1.58535 4.13665 1.44889 1.62601 0 0.433372 
61.1176 37.9138 -0.963544 1.71015 4.1454 1.59049 4.87596 0 0.424157 
34.2332 -18.2274 -0.95329 1.55349 3.90668 1.47805 2.63628 0 0.374743 
7.32815 19.0773 -1.39565 1.65457 3.59639 1.45594 6.49901 0 0.368601 
58.3769 -2.57901 -0.945366 1.62355 4.15524 1.44206 2.91848 0 0.352826 
19.8164 26.8714 -0.66688 0.729277 0.695745 1.80402 3.79617 1 0.336798 
36.4373 26.7664 -0.618339 0.730997 0.637681 1.57594 6.58059 1 0.326273 
43.5393 -15.9046 -0.426257 1.6903 4.27712 1.40537 3.24886 0 0.296936 
27.2313 -28.7638 -0.788982 1.65861 4.29479 1.54941 2.71776 0 0.281069 
25.7807 -24.2698 -0.997052 1.60339 3.75031 1.42555 3.06958 0 0.279531 
9.54975 -24.5622 -0.827257 0.441813 0.565545 1.30435 2.60523 1 0.275298 
23.4892 -39.7209 -0.0562243 1.71812 4.14114 1.54667 3.75993 0 0.268874 
58.723 -31.0478 -0.461369 1.59957 3.78847 1.48083 6.831 0 0.255733 
19.1934 22.4002 0.0333634 0.606328 0.707944 1.72261 6.88218 1 0.25229 
32.3588 -3.02683 -0.30966 0.814231 0.874079 1.80666 0.830895 1 0.222059 
41.2022 -2.6506 -0.391522 0.741437 0.943134 1.83671 6.23311 1 0.20676 
52.3558 -12.6237 -0.905727 1.58952 3.68771 1.43603 5.99886 0 0.19989 
16.6332 6.29254 -0.239861 0.610044 0.688992 1.92589 6.88716 1 0.198882 
37.1145 -15.2683 -0.964854 1.4749 3.86734 1.42159 3.19808 0 0.169562 
22.3897 -3.12301 -0.2657 0.803603 1.04333 1.92523 3.01798 1 0.166376 
23.1264 22.602 -1.50153 0.70764 1.89433 1.82231 1.40485 2 0.164325 
40.3958 -31.3469 -0.438108 1.63696 3.97224 1.5321 3.45123 0 0.154415 
12.0452 -21.6962 -0.445796 0.482749 1.67721 1.61617 5.65381 2 0.150549 
15.7031 6.51129 -0.364974 0.477793 1.78909 1.71443 6.9383 2 0.141534 
50.5721 -37.3298 0.0316506 1.63622 3.83295 1.46713 6.74832 0 0.13759 
34.2057 -36.8141 -0.384972 1.58494 3.87048 1.42421 2.63141 0 0.136852 
36.635 28.1948 -0.395998 1.46892 3.67697 1.48144 2.99026 0 0.129932 
37.5389 -26.466 -0.862356 1.60163 3.54101 1.43916 5.82179 0 0.128033 
52.3173 -17.8727 -0.307084 1.68838 4.22451 1.46226 2.66251 0 0.127808 
27.2557 -22.0426 -0.891729 1.56729 3.85988 1.43095 2.95381 0 0.126368 
35.9584 -32.6616 -0.66525 1.65777 4.21609 1.49282 2.58712 0 0.124633 
62.5513 -14.1529 -0.0417521 1.61995 3.836 1.4378 2.94711 0 0.124344 
53.756 -28.2734 -0.129374 0.657537 0.411497 1.76547 5.42468 1 0.122942 
1.13825 12.6569 -0.860596 1.61871 4.09747 1.44474 6.66319 0 0.122842 
29.9176 31.989 -0.721585 0.670293 0.548654 1.82651 0.815006 1 0.121994 
38.2436 36.6599 -1.50017 0.71706 1.77613 1.83827 1.56048 2 0.121987 
39.8742 -24.9206 -0.474752 0.669628 0.72899 1.64509 6.27861 1 0.116924 
33.3004 -22.0284 -0.509514 1.55736 4.24108 1.46434 2.6273 0 0.115799 
5.52171 24.4641 -0.48257 0.627126 1.74862 1.82462 1.68994 2 0.115009 
50.0245 -22.6421 -0.567317 1.61031 3.86689 1.45798 6.48171 0 0.112112 
25.4462 21.9789 -1.35031 1.69565 4.04834 1.4617 6.25834 0 0.111196 
25.4789 40.5896 0.14861 1.68723 4.3092 1.60529 0.793565 0 0.107652 
44.3116 26.4523 -0.229379 0.705405 0.574183 1.84695 6.62039 1 0.107436 
25.7766 -37.7832 -0.443958 1.63934 3.93532 1.50448 2.58117 0 0.105873 
20.4174 -29.9886 -0.872921 1.55501 4.12439 1.41371 2.18201 0 0.104404 
59.6154 -5.3019 -0.545063 1.72834 4.3656 1.40516 3.16919 0 0.103593 
27.9567 30.7115 -0.0923942 0.629887 0.631592 1.89638 4.28256 1 0.103131 
49.8379 -13.5732 -0.49153 1.56555 3.75449 1.3896 2.69277 0 0.101309 
37.9828 -29.8855 -0.572695 1.63819 4.33226 1.42557 1.32039 0 0.100988 
42.007 -17.8494 -0.538642 1.65463 4.28085 1.48787 3.24413 0 0.100353 
